0,469
0,468
0,467
0,465
0,318
0,315
0,313
0,312
0,575
0,574
0,573
0,572
0,571
0,570
33,78
33,77
33,76
33,75
0,569
33,74
33,73
33,72
33,71
33,70
33,69
33,68
33,67
33,66
33,65
33,64
33,37
33,36
33,35
33,34
33,33
33,32
33,31
33,30
33,29
0,568
33,28
33,27
0,567
0,566
33,26
0,565
33,25
33,24
0,304
33,23
0,308
33,19
30,3
31,5
48,4
48,1
48,3
14,6
74,5
74,4
74,1
74,3
29,4
28,4
29,1
29,3
28,5
28,1
28,3
27,3
0,523
82,35
25,4
25,1
25,3
24,4
24,1
24,3
33,20
3,2
3,1
3,3
10,309
10,225
10,177
10,253
10,71
10,197
10,265
10,1
10,249
10,2
10,3
11,26
11,15
11,10
11,21
11,8
11,30
11,1
11,19
11,2
11,3
9,5
9,1
9,7
9,2
9,3
8,12
8,13
8,4
8,16
8,8
8,11
8,1
8,17
8,2
8,3
12,2
12,1
12,3
20,2
20,1
81,3
20,3
81,2
81,1
81,0
80,5
80,4
80,3
80,2
80,1
80,0
79,4
79,3
19,2
79,2
19,1
79,1
79,0
78,4
78,3
19,3
78,2
78,1
